The Adjacency List is: 
0: 1 3 4 8 
1: 0 2 5 9 
2: 1 3 6 10 
3: 0 2 7 11 
4: 0 5 7 12 
5: 1 4 6 13 
6: 2 5 7 14 
7: 3 4 6 15 
8: 9 12 11 0 
9: 8 10 13 1 
10: 9 11 14 2 
11: 8 10 15 3 
12: 8 13 15 4 
13: 9 12 14 5 
14: 10 13 15 6 
15: 11 12 14 7 
The Adjacency Matrix is: 
0 1 0 1 1 0 0 0 1 0 0 0 0 0 0 0 
1 0 1 0 0 1 0 0 0 1 0 0 0 0 0 0 
0 1 0 1 0 0 1 0 0 0 1 0 0 0 0 0 
1 0 1 0 0 0 0 1 0 0 0 1 0 0 0 0 
1 0 0 0 0 1 0 1 0 0 0 0 1 0 0 0 
0 1 0 0 1 0 1 0 0 0 0 0 0 1 0 0 
0 0 1 0 0 1 0 1 0 0 0 0 0 0 1 0 
0 0 0 1 1 0 1 0 0 0 0 0 0 0 0 1 
1 0 0 0 0 0 0 0 0 1 0 1 1 0 0 0 
0 1 0 0 0 0 0 0 1 0 1 0 0 1 0 0 
0 0 1 0 0 0 0 0 0 1 0 1 0 0 1 0 
0 0 0 1 0 0 0 0 1 0 1 0 0 0 0 1 
0 0 0 0 1 0 0 0 1 0 0 0 0 1 0 1 
0 0 0 0 0 1 0 0 0 1 0 0 1 0 1 0 
0 0 0 0 0 0 1 0 0 0 1 0 0 1 0 1 
0 0 0 0 0 0 0 1 0 0 0 1 1 0 1 0 
The degree of the nodes are: 
The node 0 :4
The node 1 :4
The node 2 :4
The node 3 :4
The node 4 :4
The node 5 :4
The node 6 :4
The node 7 :4
The node 8 :4
The node 9 :4
The node 10 :4
The node 11 :4
The node 12 :4
The node 13 :4
The node 14 :4
The node 15 :4
